ID,Adoption,Died,Euthanasia,Return_to_owner,Transfer
1,0.146,0.0,0.10866666666666668,0.24733333333333335,0.498
2,0.754,0.0,0.008,0.104,0.134
3,0.4066,0.0,0.016,0.10866666666666668,0.4687333333333333
4,0.14466666666666667,0.004,0.066,0.146,0.6393333333333334
5,0.406,0.0,0.008,0.298,0.288
6,0.366,0.0,0.01,0.4677,0.15630000000000002
7,0.419,0.012,0.042,0.14066666666666666,0.38633333333333336
8,0.604,0.0,0.01,0.066,0.32
9,0.638,0.0,0.014,0.094,0.254
10,0.81,0.0,0.066,0.096,0.028
11,0.578,0.0,0.016,0.212,0.194
12,0.04216666666666667,0.0,0.206,0.13783333333333334,0.614
13,0.568,0.0,0.016,0.138,0.278
14,0.38333333333333336,0.0,0.01,0.372,0.2346666666666667
15,0.938,0.0,0.002,0.028,0.032
16,0.694,0.0,0.006,0.156,0.144
17,0.354,0.002,0.022,0.542,0.08
18,0.496,0.014,0.01,0.388,0.092
19,0.27066666666666667,0.002,0.034,0.11994285714285714,0.5733904761904762
20,0.066,0.022,0.108,0.052,0.752
21,0.392,0.016,0.142,0.206,0.244
22,0.0,0.0,0.006,0.002,0.992
23,0.6,0.0,0.018,0.236,0.146
24,0.02666666666666667,0.0,0.028,0.0,0.9453333333333334
25,0.828,0.0,0.004,0.094,0.074
26,0.1704,0.0,0.03966666666666666,0.6583333333333333,0.1316
27,0.6793333333333333,0.0,0.0,0.002,0.31866666666666665
28,0.14,0.0,0.048,0.092,0.72
29,0.512,0.0,0.02,0.19866666666666669,0.26933333333333337
30,0.174,0.004,0.02,0.6686333333333332,0.1333666666666666
31,0.418,0.0,0.014,0.292,0.276
32,0.930190476190476,0.0,0.004,0.024,0.04180952380952381
33,0.35366666666666663,0.010333333333333332,0.086,0.154,0.396
34,0.8845893939393938,0.002,0.018,0.072,0.023410606060606052
35,0.38033333333333336,0.002,0.011333333333333334,0.0,0.6063333333333334
36,0.552,0.0,0.008,0.24,0.2
37,0.39033333333333337,0.004,0.02,0.342,0.2436666666666667
38,0.88,0.0,0.0,0.034,0.086
39,0.416,0.0,0.022,0.461,0.101
40,0.61,0.0,0.026,0.18,0.184
41,0.204,0.008,0.062,0.258,0.468
42,0.074,0.004,0.062,0.002,0.858
43,0.4678333333333334,0.0,0.024,0.08316666666666667,0.425
44,0.026,0.018,0.04,0.01,0.906
45,0.3364,0.0,0.16966666666666666,0.064,0.42993333333333333
46,0.522,0.0,0.014,0.294,0.17
47,0.37866666666666665,0.008,0.094,0.0895,0.42983333333333335
48,0.38186666666666663,0.0,0.026,0.3361333333333334,0.256
49,0.388,0.0,0.028,0.346,0.238
50,0.074,0.006,0.094,0.326,0.5
51,0.182,0.03,0.106,0.014,0.668
52,0.418,0.0,0.084,0.418,0.08
53,0.986,0.0,0.0,0.002,0.012
54,0.1786666666666667,0.022,0.20323809523809522,0.0,0.5960952380952382
55,0.232,0.006,0.09733333333333334,0.07466666666666666,0.59
56,0.464,0.002,0.048,0.079,0.407
57,0.582,0.0,0.022,0.35,0.046
58,0.016,0.0013333333333333333,0.004,0.0,0.9786666666666666
59,0.03,0.0,0.06,0.04,0.87
60,0.8687999999999999,0.0,0.004,0.052,0.0752
61,0.526,0.0,0.188,0.186,0.1
62,0.246,0.006,0.176,0.38833333333333336,0.18366666666666667
63,0.395,0.0,0.012,0.146,0.447
64,0.008,0.008,0.082,0.002,0.9
65,0.102,0.010666666666666666,0.08,0.0,0.8073333333333333
66,0.794,0.0,0.002,0.096,0.108
67,0.7758619047619048,0.0,0.004,0.008,0.2121380952380952
68,0.222,0.004,0.276,0.118,0.38
69,0.41,0.002,0.074,0.378,0.136
70,0.059,0.0,0.084,0.002,0.855
71,0.042,0.014,0.02,0.066,0.858
72,0.866,0.0,0.004,0.032,0.098
73,0.0,0.004,0.008,0.0,0.988
74,0.426,0.0,0.04,0.196,0.338
75,0.024,0.032,0.038,0.008,0.898
76,0.5246333333333332,0.052,0.07083333333333333,0.006,0.34653333333333336
77,0.8366666666666667,0.0,0.008,0.04733333333333333,0.108
78,0.34754999999999997,0.0,0.047,0.122,0.48345000000000005
79,0.722,0.0,0.024,0.194,0.06
80,0.64,0.008,0.07,0.054,0.228
81,0.046,0.024,0.05066666666666667,0.0,0.8793333333333333
82,0.0,0.0,0.01,0.0,0.99
83,0.428,0.0,0.05,0.298,0.224
84,0.076,0.008,0.029333333333333333,0.003333333333333333,0.8833333333333334
85,0.296,0.0,0.028,0.47933333333333333,0.19666666666666666
86,0.29993333333333333,0.006,0.088,0.0,0.6060666666666668
87,0.02,0.002,0.37,0.186,0.422
88,0.47965714285714284,0.002,0.058,0.27367619047619046,0.18666666666666668
89,0.016,0.012,0.03866666666666666,0.002,0.9313333333333333
90,0.6876,0.006,0.014,0.008,0.2844
91,0.1476666666666667,0.046,0.1658,0.07,0.5705333333333333
92,0.07,0.008,0.14766666666666667,0.03233333333333333,0.742
93,0.756,0.0,0.014,0.03,0.2
94,0.661,0.0,0.01,0.218,0.111
95,0.416,0.0,0.006,0.176,0.402
96,0.576,0.002,0.036,0.203,0.183
97,0.5691666666666667,0.0,0.01,0.24,0.18083333333333332
98,0.0,0.0,0.0,0.0,1.0
99,0.298,0.084,0.044,0.002,0.572
100,0.388,0.0,0.068,0.288,0.256
101,0.294,0.0,0.008,0.002,0.696
102,0.7537666666666666,0.006666666666666667,0.02,0.03623333333333333,0.18333333333333332
103,0.622,0.0,0.01,0.202,0.166
104,0.514,0.0,0.03,0.27,0.186
105,0.2885,0.0,0.01,0.228,0.4735
106,0.554,0.0,0.016,0.236,0.194
107,0.264,0.0,0.04,0.144,0.552
108,0.074,0.004,0.096,0.48,0.346
109,0.72,0.0,0.038,0.016,0.226
110,0.382,0.0,0.026,0.218,0.374
111,0.406,0.0,0.004,0.352,0.238
112,0.3433333333333333,0.0,0.032,0.43266666666666664,0.192
113,0.208,0.0,0.01,0.622,0.16
114,0.416,0.0,0.052,0.382,0.15
115,0.08266666666666667,0.0,0.07,0.01,0.8373333333333334
116,0.784,0.0,0.0,0.102,0.114
117,0.7989333333333333,0.004,0.006,0.092,0.09906666666666666
118,0.046,0.004,0.326,0.336,0.288
119,0.258,0.0,0.124,0.46,0.158
120,0.371,0.0,0.06,0.17,0.399
121,0.909277777777778,0.0,0.0,0.002,0.08872222222222224
122,0.892,0.0,0.004,0.032,0.072
123,0.8327333333333333,0.012,0.004,0.014,0.13726666666666665
124,0.006,0.40373333333333355,0.006,0.002,0.5822666666666669
125,0.02,0.006,0.024,0.082,0.868
126,0.784,0.0,0.004,0.096,0.116
127,0.3477,0.0,0.002,0.1895,0.4608
128,0.867,0.0,0.01,0.034,0.089
129,0.6654377344877344,0.0,0.0,0.0,0.33456226551226564
130,0.904,0.0,0.002,0.008,0.086
131,0.45513333333333333,0.0,0.034,0.3968666666666667,0.114
132,0.9321333333333334,0.0,0.004,0.0,0.06386666666666667
133,0.9003333333333333,0.014666666666666666,0.004,0.013,0.068
134,0.372,0.0,0.052,0.414,0.162
135,0.82,0.0,0.03,0.038,0.112
136,0.24,0.0,0.022,0.406,0.332
137,0.562,0.0,0.023,0.153,0.262
138,0.01,0.002,0.03,0.0,0.958
139,0.472,0.002,0.006,0.444,0.076
140,0.614,0.0,0.03,0.281,0.075
141,0.622,0.002,0.004,0.1762619047619048,0.1957380952380952
142,0.3,0.032,0.11,0.006,0.552
143,0.396,0.0,0.054,0.268,0.282
144,0.384,0.0,0.118,0.358,0.14
145,0.5443333333333332,0.0,0.125,0.17066666666666666,0.16
146,0.3653333333333333,0.0,0.074,0.402,0.15866666666666668
147,0.358,0.002,0.054,0.194,0.392
148,0.338,0.0,0.038,0.408,0.216
149,0.022,0.0,0.076,0.096,0.806
150,0.038,0.01,0.062,0.002,0.888
151,0.5948,0.0012,0.07,0.114,0.22
152,0.08,0.008,0.138,0.018,0.756
153,0.698,0.0,0.004,0.144,0.154
154,0.096,0.05,0.184,0.276,0.394
155,0.691,0.008,0.006,0.084,0.211
156,0.686,0.0,0.018,0.12,0.176
157,0.442,0.0,0.021,0.301,0.236
158,0.08016666666666668,0.024,0.029833333333333333,0.004,0.862
159,0.492,0.0,0.04,0.168,0.3
160,0.6611333333333334,0.0,0.004,0.23166666666666666,0.1032
161,0.596,0.0,0.012,0.2,0.192
162,0.594,0.0,0.026,0.2,0.18
163,0.0,0.002,0.002,0.0,0.996
164,0.956,0.0,0.0,0.024,0.02
165,0.396,0.0,0.052,0.298,0.254
166,0.864,0.0,0.062,0.012,0.062
167,0.618,0.002,0.024,0.194,0.162
168,0.744,0.0,0.006,0.178,0.072
169,0.314,0.0,0.024,0.522,0.14
170,0.664,0.0,0.002,0.106,0.228
171,0.092,0.008,0.204,0.118,0.578
172,0.602,0.0,0.012,0.196,0.19
173,0.386,0.006,0.224,0.27,0.114
174,0.418,0.04,0.132,0.294,0.116
175,0.368,0.01,0.018,0.3666666666666667,0.23733333333333334
176,0.8475,0.002,0.018,0.0,0.1325
177,0.288,0.0,0.11,0.402,0.2
178,0.37883333333333336,0.006,0.14,0.142,0.3331666666666666
179,0.464,0.006,0.022,0.394,0.114
180,0.114,0.006,0.164,0.222,0.494
181,0.012,0.042,0.066,0.0,0.88
182,0.332,0.004,0.044,0.012,0.608
183,0.11,0.0,0.006,0.166,0.718
184,0.156,0.002,0.076,0.162,0.604
185,0.352,0.002,0.008,0.354,0.284
186,0.632,0.0,0.01,0.206,0.152
187,0.02,0.002,0.051,0.006,0.921
188,0.548,0.004,0.004,0.27,0.174
189,0.698,0.0,0.008,0.102,0.192
190,0.856,0.0,0.02,0.044,0.08
191,0.236,0.012,0.022,0.45342857142857146,0.2765714285714286
192,0.516,0.0,0.058,0.246,0.18
193,0.088,0.036,0.068,0.208,0.6
194,0.512,0.0,0.014,0.3034666666666667,0.17053333333333337
195,0.79,0.0,0.0,0.012,0.198
196,0.45816666666666667,0.0,0.016,0.0305,0.4953333333333333
197,0.542,0.0,0.036,0.2686666666666666,0.15333333333333332
198,0.05983333333333333,0.0,0.008,0.04016666666666666,0.892
199,0.462,0.0,0.068,0.31,0.16
200,0.698,0.0,0.004,0.212,0.086
201,0.0008,0.006,0.006,0.004,0.9832000000000001
202,0.46840952380952383,0.0,0.04,0.158,0.33359047619047616
203,0.476,0.0,0.027,0.295,0.202
204,0.506,0.0,0.052,0.266,0.176
205,0.06,0.002,0.246,0.302,0.39
206,0.438,0.002,0.052,0.13,0.378
207,0.494,0.0,0.082,0.17,0.254
208,0.128,0.012,0.234,0.15,0.476
209,0.32666666666666666,0.0,0.008,0.4623333333333333,0.203
210,0.326,0.0,0.06,0.394,0.22
211,0.1485,0.018,0.298,0.034,0.5015
212,0.282,0.0,0.026,0.3373333333333333,0.3546666666666667
213,0.53,0.006,0.038,0.298,0.128
214,0.466,0.0,0.012,0.346,0.176
215,0.044,0.004,0.048,0.0,0.904
216,0.354,0.0,0.02,0.234,0.392
217,0.82,0.029333333333333333,0.02,0.024,0.10666666666666666
218,0.2606666666666666,0.016,0.062,0.044,0.6173333333333334
219,0.596,0.002,0.022,0.16,0.22
220,0.424,0.0,0.03,0.406,0.14
221,0.114,0.004,0.172,0.302,0.408
222,0.17500000000000002,0.0,0.02,0.002,0.803
223,0.1495,0.06,0.078,0.002,0.7105
224,0.586,0.0,0.012,0.246,0.156
225,0.076,0.004,0.158,0.188,0.574
226,0.882,0.0,0.016,0.048,0.054
227,0.094,0.012,0.058333333333333334,0.0,0.8356666666666667
228,0.008,0.0,0.004,0.018,0.97
229,0.4823333333333334,0.0,0.014,0.19166666666666668,0.312
230,0.05057142857142857,0.008,0.024,0.004,0.9134285714285715
231,0.979657142857143,0.0,0.0,0.004,0.01634285714285714
232,0.6566666666666666,0.004,0.008,0.066,0.26533333333333337
233,0.0905,0.004,0.0535,0.006,0.846
234,0.104,0.002,0.208,0.302,0.384
235,0.412,0.004,0.11,0.31,0.164
236,0.8352,0.0,0.008,0.012,0.1448
237,0.48,0.004,0.01,0.322,0.184
238,0.202,0.004,0.116,0.066,0.612
239,0.716,0.0,0.004,0.166,0.114
240,0.76,0.0,0.036,0.048,0.156
241,0.706,0.0,0.04,0.116,0.138
242,0.29,0.0,0.01,0.334,0.366
243,0.7399333333333334,0.0,0.006066666666666667,0.012,0.242
244,0.348,0.002,0.082,0.14,0.428
245,0.3373333333333334,0.006,0.066,0.2303,0.3603666666666666
246,0.408,0.0,0.004,0.308,0.28
247,0.36499999999999994,0.0,0.022,0.07333333333333335,0.5396666666666667
248,0.5646666666666668,0.002,0.02,0.093,0.3203333333333333
249,0.314,0.0,0.008,0.5185,0.1595
250,0.6716666666666667,0.004,0.08466666666666665,0.075,0.16466666666666666
251,0.002,0.0,0.002,0.95,0.046
252,0.342,0.0,0.042,0.384,0.232
253,0.006,0.0,0.04736666666666666,0.002,0.9446333333333334
254,0.172,0.0,0.19,0.44533333333333336,0.19266666666666668
255,0.09016666666666667,0.0,0.02,0.0,0.8898333333333334
256,0.5,0.0,0.004,0.214,0.282
257,0.434,0.0,0.04,0.334,0.192
258,0.758,0.0,0.006,0.004,0.232
259,0.21,0.004,0.104,0.38,0.302
260,0.734,0.0,0.018,0.07,0.178
261,0.8,0.0,0.0,0.096,0.104
262,0.744,0.0,0.028,0.116,0.112
263,0.514,0.0,0.024,0.234,0.228
264,0.398,0.0,0.038,0.25,0.314
265,0.4,0.008,0.008,0.448,0.136
266,0.242,0.0,0.202,0.092,0.464
267,0.132,0.01,0.09,0.104,0.664
268,0.062,0.002,0.056,0.016,0.864
269,0.065,0.002,0.06733333333333334,0.009,0.8566666666666666
270,0.633,0.004,0.044,0.098,0.221
271,0.04,0.0,0.01,0.0,0.95
272,0.573,0.008,0.018666666666666665,0.06933333333333333,0.331
273,0.088,0.116,0.038,0.504,0.254
274,0.29,0.0,0.012,0.38,0.318
275,0.395,0.008,0.196,0.196,0.205
276,0.012,0.014,0.2796666666666667,0.009,0.6853333333333333
277,0.013,0.004,0.008,0.002,0.973
278,0.29,0.006,0.082,0.2262,0.39580000000000004
279,0.5028333333333334,0.008,0.004,0.118,0.3671666666666667
280,0.09,0.004,0.08,0.034,0.792
281,0.53,0.0,0.052,0.21,0.208
282,0.386,0.0,0.038,0.446,0.13
283,0.038,0.0,0.008,0.036,0.918
284,0.8539666666666667,0.0,0.014,0.06553333333333333,0.0665
285,0.302,0.002,0.222,0.292,0.182
286,0.332,0.0,0.032,0.426,0.21
287,0.11833333333333333,0.038,0.07,0.0,0.7736666666666666
288,0.02,0.004,0.01,0.012,0.954
289,0.582,0.004,0.004,0.141,0.269
290,0.414,0.0,0.016,0.432,0.138
291,0.5383333333333333,0.0,0.03,0.064,0.36766666666666675
292,0.919,0.0,0.002,0.012,0.067
293,0.9768,0.0,0.0,0.0,0.0232
294,0.056,0.008,0.1965,0.0355,0.704
295,0.164,0.0,0.224,0.424,0.188
296,0.092,0.002,0.03,0.126,0.75
297,0.416,0.0,0.064,0.372,0.148
298,0.078,0.0,0.06,0.326,0.536
299,0.7768333333333334,0.0,0.0,0.12,0.10316666666666667
300,0.11209999999999999,0.002,0.008,0.0674,0.8105000000000001
301,0.315,0.002,0.035,0.47,0.178
302,0.7653333333333333,0.0,0.004,0.016,0.21466666666666667
303,0.678,0.0,0.016,0.016,0.29
304,0.5466666666666666,0.004,0.032,0.216,0.2013333333333333
305,0.068,0.002,0.19,0.41,0.33
306,0.378,0.004,0.168,0.292,0.158
307,0.5773666666666668,0.002,0.008,0.156,0.25663333333333344
308,0.2635,0.002,0.068,0.15766666666666665,0.5088333333333334
309,0.7002,0.002,0.002,0.166,0.1298
310,0.066,0.025,0.072,0.0035,0.8335
311,0.26280000000000003,0.0,0.24,0.11,0.3872
312,0.968,0.0,0.002,0.004,0.026
313,0.12466666666666666,0.004,0.04,0.012,0.8193333333333334
314,0.446,0.0,0.026,0.314,0.214
315,0.0,0.0,0.002,0.0,0.998
316,0.6,0.0,0.01,0.314,0.076
317,0.38,0.0,0.01,0.376,0.234
318,0.624,0.0,0.016,0.148,0.212
319,0.014,0.0,0.012,0.004,0.97
320,0.42,0.002,0.056,0.41066666666666674,0.11133333333333333
321,0.24174285714285712,0.002,0.052,0.14325714285714286,0.561
322,0.012,0.004,0.008666666666666668,0.0,0.9753333333333333
323,0.008,0.0,0.002,0.0,0.99
324,0.6813333333333332,0.004,0.056,0.052,0.2066666666666667
325,0.717290476190476,0.0,0.0,0.022,0.26070952380952384
326,0.9403333333333332,0.0,0.0,0.002,0.057666666666666665
327,0.88,0.0,0.0,0.062,0.058
328,0.296,0.0,0.034,0.448,0.222
329,0.674,0.0,0.008,0.104,0.214
330,0.07,0.0,0.086,0.208,0.636
331,0.514,0.0,0.072,0.208,0.206
332,0.022,0.0,0.12,0.002,0.856
333,0.8188333333333334,0.006,0.05,0.01,0.11516666666666668
334,0.256,0.0,0.002,0.042,0.7
335,0.0818,0.038,0.064,0.136,0.6802
336,0.9271666666666667,0.0,0.006,0.004,0.06283333333333332
337,0.11333333333333333,0.008,0.26733333333333337,0.088,0.5233333333333333
338,0.322,0.066,0.044,0.192,0.376
339,0.09,0.006,0.056,0.242,0.606
340,0.37146666666666667,0.01,0.08086666666666667,0.40166666666666667,0.136
341,0.36233333333333334,0.002,0.016,0.12866666666666668,0.491
342,0.188,0.0,0.006,0.01,0.796
343,0.088,0.022,0.186,0.36,0.344
344,0.61,0.0,0.006,0.138,0.246
345,0.728,0.0,0.008,0.058,0.206
346,0.527,0.002,0.058,0.21,0.203
347,0.138,0.0,0.012,0.796,0.054
348,0.0355,0.082,0.10883333333333332,0.0,0.7736666666666666
349,0.134,0.004,0.036,0.75,0.076
350,0.304,0.0,0.056,0.406,0.234
351,0.644,0.0,0.014,0.102,0.24
352,0.018,0.012,0.002,0.006,0.962
353,0.274,0.04,0.034,0.468,0.184
354,0.8712333333333334,0.0,0.0,0.02353333333333333,0.10523333333333333
355,0.724,0.0,0.006,0.128,0.142
356,0.016,0.068,0.7093333333333333,0.0,0.20666666666666667
357,0.366,0.0,0.07,0.4123333333333334,0.15166666666666667
358,0.5516666666666666,0.004,0.016,0.224,0.20433333333333334
359,0.25353333333333333,0.0,0.05966666666666667,0.0,0.6868
360,0.573,0.001,0.028,0.098,0.3
361,0.858,0.0,0.008,0.028,0.106
362,0.064,0.016,0.08,0.242,0.598
363,0.235,0.0,0.12,0.48333333333333334,0.16166666666666665
364,0.562,0.01,0.055,0.08,0.293
365,0.5286666666666667,0.002,0.012,0.04933333333333333,0.408
366,0.10766666666666667,0.002,0.19233333333333336,0.036,0.662
367,0.698,0.0,0.006,0.154,0.142
368,0.264,0.0,0.142,0.252,0.342
369,0.06266666666666668,0.02,0.312,0.038,0.5673333333333332
370,0.656,0.0,0.0,0.142,0.202
371,0.4452,0.0,0.028,0.344,0.18280000000000002
372,0.372,0.0,0.02,0.264,0.344
373,0.9317530303030306,0.0,0.0,0.0342469696969697,0.034
374,0.39,0.0,0.062,0.404,0.144
375,0.04523809523809524,0.01,0.096,0.01576190476190476,0.833
376,0.467,0.0,0.034,0.352,0.147
377,0.2864,0.0,0.178,0.1336,0.402
378,0.77,0.0,0.018,0.15,0.062
379,0.764,0.0,0.0,0.096,0.14
380,0.32666666666666666,0.142,0.04266666666666667,0.002,0.4866666666666667
381,0.876,0.01,0.008,0.028,0.078
382,0.062,0.022,0.06,0.008,0.848
383,0.05,0.10126666666666669,0.08,0.018,0.7507333333333335
384,0.022,0.0,0.05673333333333333,0.024,0.8972666666666668
385,0.5356000000000001,0.038,0.0,0.286,0.1404
386,0.134,0.006,0.028,0.73,0.102
387,0.07,0.019,0.04191666666666667,0.003,0.8660833333333333
388,0.606,0.0,0.0,0.198,0.196
389,0.7239333333333334,0.006,0.004,0.074,0.19206666666666666
390,0.9238,0.0,0.018,0.002,0.05619999999999999
391,0.054,0.026,0.214,0.312,0.394
392,0.01,0.062,0.006,0.04,0.882
393,0.7541666666666668,0.0,0.002,0.004,0.23983333333333332
394,0.058,0.012,0.074,0.046,0.81
395,0.308,0.0,0.048,0.314,0.33
396,0.28,0.0,0.134,0.414,0.172
397,0.098,0.006,0.228,0.342,0.326
398,0.663742857142857,0.024,0.06466666666666668,0.008,0.2395904761904762
399,0.432,0.0,0.006,0.404,0.158
400,0.73,0.012,0.01,0.058,0.19
401,0.9981666666666666,0.0,0.0,0.0005,0.0013333333333333333
402,0.552,0.0,0.004,0.248,0.196
403,0.602,0.0,0.014,0.212,0.172
404,0.01,0.0141,0.0064,0.002,0.9675
405,0.48,0.004,0.0095,0.1125,0.394
406,0.262,0.0,0.056,0.454,0.228
407,0.499,0.0,0.067,0.096,0.338
408,0.303,0.0,0.096,0.312,0.289
409,0.734,0.0,0.008,0.112,0.146
410,0.0275,0.06,0.032,0.004,0.8765
411,0.154,0.114,0.09,0.35,0.292
412,0.40478748473748466,0.0,0.0,0.0,0.5952125152625154
413,0.584,0.008,0.006,0.306,0.096
414,0.9322,0.0,0.012,0.018,0.0378
415,0.506,0.0,0.074,0.336,0.084
416,1.0,0.0,0.0,0.0,0.0
417,0.572,0.0,0.0,0.166,0.262
418,0.428,0.0,0.006,0.26,0.306
419,0.7950666666666666,0.0,0.002,0.026,0.17693333333333333
420,0.614,0.0,0.016,0.208,0.162
421,0.8565333333333333,0.0,0.006,0.062,0.07546666666666667
422,0.04943333333333333,0.026,0.010333333333333332,0.001,0.9132333333333333
423,0.112,0.06733333333333334,0.020666666666666667,0.0,0.8000000000000002
424,0.56725,0.002,0.026,0.036,0.36875
425,0.582,0.0,0.006,0.3,0.112
426,0.03,0.004,0.166,0.144,0.656
427,0.7285,0.0,0.022,0.05466666666666666,0.19483333333333333
428,0.062,0.052,0.214,0.004,0.668
429,0.058,0.016,0.016,0.112,0.798
430,0.008,0.0,0.028,0.002,0.962
431,0.674,0.002,0.02,0.142,0.162
432,0.274,0.0,0.024,0.54,0.162
433,0.788,0.0,0.034,0.088,0.09
434,0.4905,0.0,0.052,0.266,0.1915
435,0.002,0.005733333333333333,0.024,0.014,0.9542666666666666
436,0.07016666666666665,0.0,0.056,0.002,0.8718333333333333
437,0.516,0.002,0.016,0.05,0.416
438,0.487,0.0,0.028,0.23,0.255
439,0.051666666666666666,0.0066,0.1008,0.158,0.6829333333333334
440,0.5503333333333332,0.0,0.02,0.126,0.30366666666666664
441,0.024,0.006,0.326,0.06973333333333333,0.5742666666666667
442,0.614,0.0,0.006,0.152,0.228
443,0.568,0.002,0.004,0.212,0.214
444,0.318,0.0,0.036,0.4007333333333333,0.2452666666666667
445,0.498,0.0,0.016,0.326,0.16
446,0.543,0.0,0.028,0.266,0.163
447,0.556,0.048,0.032,0.108,0.256
448,0.072,0.032,0.05,0.01,0.836
449,0.48466666666666663,0.004,0.078,0.004,0.42933333333333334
450,0.656,0.002,0.026,0.06,0.256
451,0.012,0.0,0.026,0.0,0.962
452,0.5296666666666667,0.006,0.06,0.076,0.3283333333333333
453,0.432,0.0,0.002,0.356,0.21
454,0.1115,0.004,0.206,0.092,0.5865
455,0.446,0.0,0.054,0.17883333333333332,0.32116666666666666
456,0.378,0.0,0.02,0.402,0.2
457,0.588,0.004,0.02,0.15,0.238
458,0.06,0.008,0.406,0.218,0.308
459,0.7389666666666665,0.0075,0.010666666666666668,0.07,0.17286666666666667
460,0.018,0.07557142857142857,0.048,0.011238095238095238,0.8471904761904762
461,0.72,0.0,0.002,0.172,0.106
462,0.388,0.0,0.018,0.432,0.162
463,0.028,0.088,0.122,0.002,0.76
464,0.1,0.004,0.084,0.204,0.608
465,0.4773333333333334,0.0,0.008,0.43266666666666664,0.082
466,0.712,0.0,0.018,0.138,0.132
467,0.044,0.002,0.316,0.541,0.097
468,0.57,0.002,0.064,0.214,0.15
469,0.468,0.062,0.026,0.021333333333333336,0.42266666666666663
470,0.523,0.002,0.05,0.196,0.229
471,0.096,0.0,0.092,0.01,0.802
472,0.08,0.023333333333333334,0.15,0.4706666666666667,0.276
473,0.894,0.0,0.0,0.064,0.042
474,0.538,0.0,0.078,0.286,0.098
475,0.396,0.0,0.004,0.142,0.458
476,0.683,0.0,0.016,0.074,0.227
477,0.0295,0.002,0.076,0.0085,0.884
478,0.496,0.0,0.028,0.32,0.156
479,0.1855,0.002,0.03933333333333333,0.0,0.7731666666666668
480,0.654,0.029823809523809523,0.04,0.012,0.26417619047619045
481,0.044,0.0,0.118,0.435,0.403
482,0.094,0.002,0.172,0.15,0.582
483,0.29,0.0,0.034,0.504,0.172
484,0.146,0.006,0.094,0.064,0.69
485,0.49213333333333337,0.006,0.014,0.276,0.21186666666666668
486,0.036,0.004,0.236,0.4,0.324
487,0.776,0.0,0.011142857142857142,0.08885714285714286,0.124
488,0.7049333333333334,0.0,0.004,0.168,0.12306666666666666
489,0.107,0.046,0.16333333333333333,0.002,0.6816666666666666
490,0.01,0.032,0.012,0.0,0.946
491,0.102,0.012,0.086,0.002,0.798
492,0.0412,0.022,0.15,0.3374666666666667,0.4493333333333333
493,0.248,0.0,0.01,0.6672619047619047,0.07473809523809523
494,0.466,0.002,0.014,0.214,0.304
495,0.122,0.202,0.044,0.104,0.528
496,0.538,0.0,0.052,0.286,0.124
497,0.3561690476190476,0.0,0.02,0.088,0.5358309523809524
498,0.664,0.0,0.006,0.128,0.202
499,0.69,0.0,0.002,0.082,0.226
500,0.338,0.0,0.14,0.26,0.262
501,0.779,0.0,0.011,0.01,0.2
502,0.306,0.0,0.018,0.366,0.31
503,0.28063333333333335,0.002,0.048666666666666664,0.06733333333333334,0.6013666666666667
504,0.816,0.014,0.014,0.028,0.128
505,0.392,0.0,0.044,0.434,0.13
506,0.672,0.0,0.016,0.158,0.154
507,0.076,0.038,0.192,0.092,0.602
508,0.612,0.0,0.092,0.224,0.072
509,0.388,0.0,0.024,0.512,0.076
510,0.8216,0.0,0.016,0.0,0.16240000000000002
511,0.642,0.002,0.036,0.12,0.2
512,0.174,0.006,0.068,0.626,0.126
513,0.742,0.0,0.004,0.198,0.056
514,0.016666666666666666,0.0,0.004,0.0,0.9793333333333333
515,0.168,0.0,0.01,0.526,0.296
516,0.406,0.0,0.08,0.198,0.316
517,0.012,0.0,0.086,0.006,0.896
518,0.374,0.0,0.054,0.196,0.376
519,0.0,0.0,0.01,0.0,0.99
520,0.044,0.028,0.11,0.02666666666666667,0.7913333333333332
521,0.412,0.002,0.084,0.306,0.196
522,0.414,0.002,0.002,0.19,0.392
523,0.657,0.002,0.02,0.03,0.291
524,0.434,0.0,0.056,0.162,0.348
525,0.6652666666666667,0.002,0.022,0.004,0.30673333333333336
526,0.274,0.0,0.088,0.492,0.146
527,0.4881,0.0,0.008,0.3016666666666667,0.20223333333333332
528,0.23,0.0,0.07,0.606,0.094
529,0.038,0.004,0.02,0.0,0.938
530,0.9317333333333333,0.002,0.012,0.002,0.05226666666666666
531,0.044,0.004,0.045,0.014,0.893
532,0.4116666666666667,0.002,0.018,0.4436666666666667,0.12466666666666668
533,0.868,0.0,0.002,0.032,0.098
534,0.7310333333333334,0.0,0.026,0.142,0.10096666666666666
535,0.09483333333333333,0.018,0.026,0.01,0.8511666666666666
536,0.806,0.0,0.068,0.06,0.066
537,0.66,0.0,0.008,0.158,0.174
538,0.182,0.004,0.014666666666666666,0.022,0.7773333333333333
539,0.312,0.004,0.022,0.344,0.318
540,0.10133333333333334,0.0,0.232,0.222,0.44466666666666665
541,0.01,0.0,0.029400000000000003,0.896,0.06459999999999999
542,0.0,0.0,0.0,0.006,0.994
543,0.8540999999999999,0.006,0.004,0.05456666666666667,0.08133333333333333
544,0.088,0.008,0.128,0.006,0.77
545,0.26,0.026,0.162,0.0,0.552
546,0.594,0.0,0.034,0.17,0.202
547,0.02,0.0,0.012,0.0,0.968
548,0.87,0.0,0.002,0.08,0.048
549,0.114,0.008,0.22,0.33,0.328
550,0.022,0.0,0.019,0.0,0.959
551,0.432,0.0,0.084,0.3,0.184
552,0.534,0.0,0.134,0.256,0.076
553,0.608,0.0,0.002,0.15,0.24
554,0.682,0.006,0.012,0.022,0.278
555,0.056,0.002,0.06,0.012,0.87
556,0.0349,0.0,0.09272380952380954,0.006,0.8663761904761905
557,0.068,0.002,0.058,0.356,0.516
558,0.48333333333333334,0.0,0.012,0.246,0.2586666666666667
559,0.868,0.008,0.004,0.048,0.072
560,0.4078333333333334,0.002,0.222,0.31616666666666665,0.052
561,0.424,0.0,0.021333333333333336,0.3386666666666666,0.216
562,0.154,0.0,0.044,0.677,0.125
563,0.086,0.0,0.168,0.184,0.562
564,0.5944666666666667,0.0,0.026,0.194,0.18553333333333336
565,0.01,0.0,0.164,0.014,0.812
566,0.548,0.012,0.04,0.218,0.182
567,0.042,0.004,0.07,0.20916666666666667,0.6748333333333333
568,0.622,0.0,0.012,0.12,0.246
569,0.3701666666666667,0.002,0.056,0.24783333333333332,0.324
570,0.6856,0.0,0.012,0.116,0.1864
571,0.652,0.0,0.0,0.122,0.226
572,0.4004,0.0,0.112,0.36960000000000004,0.118
573,0.088,0.006,0.322,0.194,0.39
574,0.102,0.048,0.092,0.002,0.756
575,0.7445,0.016,0.028,0.04,0.1715
576,0.7561666666666667,0.0,0.002,0.03,0.21183333333333335
577,0.402,0.0,0.05,0.358,0.19
578,0.34,0.0,0.0006666666666666666,0.002,0.6573333333333333
579,0.19,0.02,0.076,0.016,0.698
580,0.686,0.004,0.006,0.19686666666666663,0.10713333333333333
581,0.402,0.0,0.038,0.442,0.118
582,0.008,0.004,0.04466666666666667,0.002,0.9413333333333334
583,0.398,0.0,0.008,0.35,0.244
584,0.6723333333333333,0.0,0.02,0.042,0.26566666666666666
585,0.413,0.002,0.032,0.118,0.435
586,0.09,0.02885714285714286,0.3097571428571428,0.0,0.5713857142857143
587,0.7343333333333333,0.002,0.01,0.012,0.24166666666666667
588,0.1,0.006,0.106,0.324,0.464
589,0.3811428571428571,0.002,0.025666666666666667,0.07433333333333333,0.5168571428571429
590,0.442,0.002,0.178,0.252,0.126
591,0.44,0.0,0.044,0.224,0.292
592,0.308,0.018,0.036,0.46,0.178
593,0.046,0.0,0.048,0.002,0.904
594,0.342,0.0,0.044,0.516,0.098
595,0.7681333333333333,0.002,0.0,0.02853333333333333,0.20133333333333334
596,0.222,0.0,0.002,0.114,0.662
597,0.896,0.002,0.036,0.03,0.036
598,0.464,0.002,0.046,0.31,0.178
599,0.582,0.006,0.022,0.078,0.312
600,0.168,0.084,0.024,0.0,0.724
601,0.032,0.024,0.034,0.118,0.792
602,0.7154476190476191,0.0,0.012,0.122,0.150552380952381
603,0.3691428571428571,0.0,0.154,0.17,0.3068571428571429
604,0.134,0.0,0.17,0.35,0.346
605,0.009333333333333332,0.008,0.012,0.008,0.9626666666666667
606,0.098,0.01,0.18866666666666665,0.01,0.6933333333333332
607,0.559,0.014,0.016,0.058,0.35300000000000004
608,0.40227142857142856,0.0,0.02666666666666667,0.1313333333333333,0.43972857142857147
609,0.03453333333333333,0.042,0.034,0.006,0.8834666666666666
610,0.078,0.006,0.142,0.272,0.502
611,0.672,0.0,0.009,0.139,0.18
612,0.369,0.002,0.03,0.114,0.485
613,0.607,0.005,0.074,0.114,0.2
614,0.474,0.03,0.036,0.08,0.38
615,0.414,0.002,0.032,0.066,0.486
616,0.364,0.004,0.068,0.30142857142857143,0.26257142857142857
617,0.794,0.0,0.022,0.108,0.076
618,0.34552857142857135,0.0,0.068,0.2808,0.30567142857142865
619,0.8630285714285716,0.0,0.002,0.0,0.13497142857142858
620,0.9933333333333333,0.0,0.002,0.002,0.0026666666666666666
621,0.248,0.004,0.082,0.058,0.608
622,0.622,0.008,0.03,0.064,0.276
623,0.186,0.0,0.12133333333333333,0.052666666666666674,0.64
624,0.222,0.0,0.024,0.282,0.472
625,0.519,0.002,0.006,0.21,0.263
626,0.326,0.0,0.072,0.054,0.548
627,0.36,0.006,0.218,0.248,0.168
628,0.08,0.002,0.041,0.0,0.877
629,0.358,0.0,0.044,0.36,0.238
630,0.002,0.0,0.019999999999999997,0.0,0.978
631,0.356,0.0,0.038,0.39,0.216
632,0.62,0.0,0.002,0.224,0.154
633,0.498,0.0,0.068,0.086,0.348
634,0.584,0.0,0.006,0.294,0.116
635,0.0,0.002,0.01,0.0,0.988
636,0.5718333333333334,0.0,0.014,0.141,0.2731666666666666
637,0.5258809523809524,0.0,0.002,0.002,0.47011904761904766
638,0.5466666666666667,0.0,0.002,0.281,0.1703333333333333
639,0.04426666666666666,0.004,0.052,0.01,0.8897333333333334
640,0.6525,0.0,0.008,0.0775,0.262
641,0.25916666666666666,0.015,0.12229999999999999,0.004,0.5995333333333334
642,0.43085714285714294,0.024,0.018,0.0,0.5271428571428572
643,0.022,0.0,0.014,0.0,0.964
644,0.5505,0.004,0.014,0.2755,0.156
645,0.674,0.008,0.042,0.064,0.212
646,0.583,0.0,0.04,0.313,0.064
647,0.456,0.0,0.084,0.254,0.206
648,0.0305,0.0181,0.012,0.0055,0.9339000000000001
649,0.044,0.008,0.2397,0.006,0.7022999999999999
650,0.032,0.134,0.096,0.002,0.736
651,0.014,0.047004761904761896,0.24,0.002,0.696995238095238
652,0.736,0.0,0.004,0.078,0.182
653,0.364,0.0,0.04,0.35,0.246
654,0.668,0.002,0.012,0.182,0.136
655,0.9638666666666666,0.0,0.0,0.014,0.022133333333333335
656,0.068,0.01,0.048,0.132,0.742
657,0.162,0.002,0.042,0.106,0.688
658,0.544,0.0,0.02,0.318,0.118
659,0.77,0.0,0.016,0.006,0.208
660,0.7349333333333334,0.0,0.056,0.10926666666666666,0.0998
661,0.024,0.004,0.034,0.01,0.928
662,0.378,0.0,0.016,0.378,0.228
663,0.144,0.0,0.018,0.156,0.682
664,0.348,0.0,0.022,0.506,0.124
665,0.482,0.002,0.026,0.206,0.284
666,0.8219333333333334,0.0,0.004,0.046,0.12806666666666666
667,0.4708333333333333,0.024666666666666667,0.208,0.10133333333333333,0.19516666666666668
668,0.664,0.0,0.01,0.158,0.168
669,0.374,0.0,0.2005,0.26830000000000004,0.15719999999999998
670,0.554,0.0,0.116,0.176,0.154
671,0.04413333333333333,0.016,0.026,0.0,0.9138666666666666
672,0.578,0.0,0.01,0.174,0.238
673,0.032,0.0,0.002,0.0,0.966
674,0.627,0.0,0.022,0.154,0.197
675,0.37493333333333334,0.002,0.058,0.206,0.35906666666666665
676,0.034,0.01,0.036,0.002,0.918
677,0.1982,0.058,0.06866666666666665,0.008,0.6671333333333335
678,0.382,0.0,0.014,0.468,0.136
679,0.108,0.0,0.218,0.11,0.564
680,0.478,0.0,0.022,0.3,0.2
681,0.08466666666666665,0.002,0.061,0.072,0.7803333333333333
682,0.552,0.0,0.016,0.346,0.086
683,0.6843333333333332,0.006,0.008,0.174,0.12766666666666668
684,0.71,0.0,0.006,0.136,0.148
685,0.3,0.0,0.014,0.514,0.172
686,0.653,0.0,0.108,0.15,0.089
687,0.04,0.0195,0.178,0.023,0.7395
688,0.828,0.0,0.0,0.078,0.094
689,0.4931999999999999,0.0,0.03,0.268,0.2088
690,0.9088333333333334,0.0,0.002,0.012,0.07716666666666668
691,0.581,0.006,0.01,0.17830000000000001,0.2247
692,0.3965,0.0,0.046,0.05949999999999999,0.498
693,0.294,0.0,0.04,0.536,0.13
694,0.388,0.0,0.05,0.414,0.148
695,0.522,0.018,0.074,0.238,0.148
696,0.02,0.018,0.078,0.002,0.882
697,0.34,0.0,0.118,0.288,0.254
698,0.02,0.004,0.087,0.014,0.875
699,0.186,0.002,0.066,0.224,0.522
700,0.06,0.002,0.122,0.35,0.466
701,0.29133333333333333,0.002,0.11133333333333334,0.2966666666666667,0.2986666666666667
702,0.696,0.0,0.012,0.172,0.12
703,0.022,0.002,0.042,0.0,0.934
704,0.54,0.0,0.02,0.08,0.36
705,0.38,0.0,0.048,0.134,0.438
706,0.738,0.0,0.008,0.036,0.218
707,0.4571666666666666,0.011800000000000001,0.15,0.1382,0.24283333333333332
708,0.050666666666666665,0.006,0.05,0.18533333333333335,0.708
709,0.646,0.0,0.008,0.274,0.072
710,0.668,0.016,0.004,0.21866666666666668,0.09333333333333332
711,0.578,0.0,0.022,0.288,0.112
712,0.532,0.038,0.032,0.012,0.386
713,0.004,0.0,0.017,0.0,0.979
714,0.402,0.002,0.124,0.178,0.294
715,0.192,0.0,0.062,0.252,0.494
716,0.694,0.0,0.004,0.094,0.208
717,0.9559999999999998,0.0,0.002,0.0,0.04200000000000001
718,0.002,0.0,0.004,0.002,0.992
719,0.32,0.0,0.05,0.402,0.228
720,0.814,0.0,0.0,0.158,0.028
721,0.372,0.008,0.006,0.25,0.364
722,0.7602380952380953,0.0,0.02266666666666667,0.0,0.21709523809523812
723,0.984,0.0,0.0,0.0,0.016
724,0.468,0.002,0.05079999999999999,0.17520000000000002,0.304
725,0.9538571428571428,0.0,0.002,0.004,0.04014285714285714
726,0.468,0.0,0.014,0.276,0.242
727,0.342,0.0,0.014,0.418,0.226
728,0.274,0.0,0.032,0.46,0.234
729,0.998,0.0,0.002,0.0,0.0
730,0.8991000000000001,0.0,0.0,0.006,0.09490000000000001
731,0.072,0.162,0.052,0.0,0.714
732,0.48,0.0,0.046,0.344,0.13
733,0.0895,0.0032,0.19440000000000002,0.002,0.7109
734,0.328,0.0,0.1,0.306,0.266
735,0.116,0.002,0.138,0.396,0.348
736,0.7758619047619048,0.0,0.004,0.008,0.2121380952380952
737,0.038,0.028,0.148,0.454,0.332
738,0.20526666666666665,0.054,0.12506666666666666,0.006,0.6096666666666666
739,0.016,0.002,0.1799166666666667,0.002,0.8000833333333334
740,0.638,0.002,0.034,0.052,0.274
741,0.328,0.0,0.022,0.484,0.166
742,0.7553333333333333,0.010666666666666666,0.084,0.072,0.078
743,0.4336666666666667,0.0,0.026,0.035,0.5053333333333333
744,0.3028079365079365,0.016,0.06433333333333333,0.004,0.6128587301587304
745,0.63,0.002,0.016,0.114,0.238
746,0.02,0.002,0.016,0.022,0.94
747,0.6,0.0,0.018,0.166,0.216
748,0.53,0.012,0.17,0.092,0.196
749,0.336,0.0,0.03,0.44,0.194
750,0.224,0.006,0.09323809523809524,0.026,0.6507619047619048
751,0.482,0.0,0.006,0.432,0.08
752,0.02,0.002,0.018,0.0,0.96
753,0.158,0.014,0.078,0.17,0.58
754,0.6574285714285715,0.0,0.006,0.162,0.17457142857142857
755,0.7705,0.0,0.03,0.09,0.1095
756,0.438,0.0,0.03,0.286,0.246
757,0.058,0.0,0.154,0.358,0.43
758,0.068,0.004,0.156,0.574,0.198
759,0.41133333333333333,0.0,0.058,0.41,0.12066666666666667
760,0.308,0.0,0.012,0.004,0.676
761,0.794,0.004,0.012,0.028,0.162
762,0.5108333333333334,0.0005,0.012,0.024,0.4526666666666666
763,0.086,0.002,0.026,0.016,0.87
764,0.056,0.006,0.024,0.008,0.906
765,0.034,0.02035714285714286,0.116,0.004,0.8256428571428571
766,0.7435000999001007,0.0,0.2544999000999003,0.0,0.002
767,0.0115,0.0009,0.038,0.0025,0.9471
768,0.35,0.0,0.064,0.362,0.224
769,0.025666666666666667,0.0,0.042,0.008,0.9243333333333333
770,0.006,0.0,0.12699999999999997,0.002,0.8649999999999999
771,0.45333333333333337,0.0,0.014,0.07,0.4626666666666666
772,0.034,0.02,0.128,0.0155,0.8025
773,0.5014666666666666,0.002,0.002,0.418,0.07653333333333334
774,0.48666666666666664,0.0,0.0895,0.2663333333333333,0.1575
775,0.022,0.0,0.05673333333333333,0.024,0.8972666666666668
776,0.6054809523809523,0.0,0.096,0.116,0.1825190476190476
777,0.1,0.026,0.17,0.48,0.224
778,0.356,0.0,0.082,0.238,0.324
779,0.41666666666666663,0.0,0.002,0.21333333333333335,0.368
780,0.45840000000000014,0.0,0.008,0.002,0.5315999999999996
781,0.49,0.0,0.02,0.376,0.114
782,0.268,0.004,0.15,0.394,0.184
783,0.371,0.002,0.056199999999999986,0.15680000000000002,0.414
784,0.58,0.0,0.016,0.342,0.062
785,0.024,0.0,0.006666666666666666,0.017333333333333336,0.952
786,0.848,0.0,0.0,0.088,0.064
787,0.08,0.036,0.072,0.112,0.7
788,0.434,0.0,0.01,0.43,0.126
789,0.434,0.0,0.014,0.37266666666666665,0.17933333333333332
790,0.46146666666666664,0.0,0.026,0.186,0.3265333333333333
791,0.478,0.0,0.002,0.187,0.333
792,0.17,0.006,0.028,0.132,0.664
793,0.46,0.0,0.012,0.254,0.274
794,0.52,0.0,0.036,0.266,0.178
795,0.44,0.002,0.036,0.404,0.118
796,0.1,0.006,0.046,0.16,0.688
797,0.768,0.0,0.042,0.092,0.098
798,0.576,0.004,0.028,0.266,0.126
799,0.486,0.012,0.064,0.146,0.292
800,0.424,0.0,0.012,0.354,0.21
801,0.832,0.0,0.006,0.096,0.066
802,0.372,0.006,0.068,0.386,0.168
803,0.7696809523809525,0.004,0.002,0.012,0.2123190476190476
804,0.428,0.0,0.016,0.422,0.134
805,0.545,0.008,0.048,0.104,0.295
806,0.553,0.012,0.032,0.006,0.397
807,0.796,0.0,0.002,0.092,0.11
808,0.682,0.0,0.004,0.144,0.17
809,0.074,0.106,0.038,0.392,0.39
810,0.003333333333333333,0.0,0.012,0.0,0.9846666666666667
811,0.316,0.002,0.062,0.21266666666666667,0.4073333333333333
812,0.788,0.0,0.024,0.142,0.046
813,0.2751,0.01,0.036,0.52,0.1589
814,0.41019999999999995,0.002,0.04,0.096,0.4518000000000001
815,0.256,0.0,0.024,0.592,0.128
816,0.5573333333333332,0.0,0.034,0.094,0.31466666666666665
817,0.832,0.0,0.0,0.068,0.1
818,0.276,0.0,0.052,0.53,0.142
819,0.732,0.0,0.006,0.064,0.198
820,0.384,0.0,0.07,0.136,0.41
821,0.15,0.0,0.014,0.044,0.792
822,0.082,0.024666666666666663,0.134,0.034,0.7253333333333334
823,0.062,0.044,0.02,0.006,0.868
824,0.354,0.0,0.046,0.394,0.206
825,0.682,0.0,0.038,0.172,0.108
826,0.584,0.002,0.026,0.202,0.186
827,0.7446666666666666,0.008,0.027285714285714285,0.002,0.21804761904761905
828,0.52,0.0,0.036,0.166,0.278
829,0.152,0.0,0.02,0.21,0.618
830,0.024,0.032,0.03,0.052,0.862
831,0.9732000000000001,0.0,0.002,0.002,0.0228
832,0.59,0.0,0.014,0.276,0.12
833,0.211,0.002,0.038,0.0,0.749
834,0.672,0.0,0.012,0.246,0.07
835,0.313,0.0,0.058,0.48,0.149
836,0.328,0.0,0.03,0.416,0.226
837,0.2849333333333333,0.0,0.306,0.291,0.11806666666666668
838,0.088,0.0,0.52,0.214,0.178
839,0.07,0.03,0.1245,0.006,0.7695
840,0.396,0.006,0.018,0.422,0.158
841,0.7674285714285715,0.0,0.02,0.059666666666666666,0.1529047619047619
842,0.7517960317460317,0.0,0.008,0.011,0.22920396825396827
843,0.466,0.006,0.11683333333333333,0.15116666666666664,0.26
844,0.366,0.04,0.016,0.3973333333333333,0.18066666666666667
845,0.908,0.0,0.04,0.014,0.038
846,0.3955,0.004,0.016,0.3745,0.21
847,0.8619452380952384,0.0,0.0,0.01,0.12805476190476192
848,0.034,0.011333333333333336,0.092,0.029666666666666668,0.833
849,0.384,0.0,0.034,0.156,0.426
850,0.686,0.0,0.004,0.188,0.122
851,0.454,0.004,0.037,0.311,0.194
852,0.379,0.0,0.18,0.297,0.144
853,0.336,0.002,0.026,0.058,0.578
854,0.372,0.0,0.044,0.37,0.214
855,0.914,0.004,0.002,0.024,0.056
856,0.03,0.002,0.044,0.016,0.908
857,0.574,0.0,0.006,0.26,0.16
858,0.094,0.002,0.1,0.158,0.646
859,0.8621714285714287,0.002,0.02,0.004,0.11182857142857144
860,0.47,0.0,0.042,0.43,0.058
861,0.074,0.01,0.012,0.002,0.902
862,0.378,0.004,0.032,0.414,0.172
863,0.25466666666666665,0.002,0.012,0.07,0.6613333333333333
864,0.024,0.014,0.012,0.004,0.946
865,0.005,0.003,0.0,0.004,0.988
866,0.378,0.0,0.056,0.344,0.222
867,0.0,0.0,0.0,0.0,1.0
868,0.5024666666666667,0.0,0.008,0.4015333333333333,0.088
869,0.062,0.058,0.22,0.022,0.638
870,0.558,0.0,0.04,0.228,0.174
871,0.508,0.002,0.048,0.294,0.148
872,0.262,0.0,0.016,0.2496,0.4724
873,0.42,0.0,0.014,0.526,0.04
874,0.7439,0.006333333333333333,0.002,0.004666666666666666,0.24309999999999998
875,0.38,0.0,0.014,0.40736666666666665,0.19863333333333333
876,0.388,0.0,0.012,0.36,0.24
877,0.872,0.02,0.01,0.01,0.088
878,0.2611666666666666,0.008,0.084,0.1408333333333333,0.506
879,0.276,0.0,0.064,0.474,0.186
880,0.31,0.002,0.03,0.322,0.336
881,0.8773333333333334,0.008,0.028,0.016,0.07066666666666666
882,0.8566666666666666,0.0,0.003,0.006,0.1343333333333333
883,0.27,0.0,0.034,0.576,0.12
884,0.256,0.0,0.102,0.532,0.11
885,0.9723333333333334,0.002,0.002,0.0006666666666666666,0.023
886,0.436,0.0,0.022,0.362,0.18
887,0.314,0.0,0.022,0.124,0.54
888,0.364,0.0,0.0,0.002,0.634
889,0.9356666666666668,0.0,0.006,0.006,0.052333333333333336
890,0.0,0.0,0.012,0.0,0.988
891,0.024,0.0,0.204,0.382,0.39
892,0.06,0.0,0.078,0.148,0.714
893,0.9992666666666666,0.0,0.0,0.0007333333333333333,0.0
894,0.082,0.002,0.254,0.242,0.42
895,0.022,0.02333333333333333,0.422,0.014,0.5186666666666667
896,0.4786666666666667,0.008,0.06916666666666665,0.0,0.44416666666666665
897,0.757,0.0,0.018,0.008,0.217
898,0.678,0.002,0.012,0.228,0.08
899,0.114,0.014,0.04,0.022,0.81
900,0.036,0.004333333333333334,0.038,0.009333333333333332,0.9123333333333332
901,0.813,0.006,0.008,0.002,0.171
902,0.726,0.0,0.008,0.18,0.086
903,0.092,0.0,0.087,0.004,0.817
904,0.7555,0.01,0.016,0.098,0.1205
905,0.856,0.0,0.012,0.02,0.112
906,0.672,0.0,0.01,0.25,0.068
907,0.474,0.0,0.012,0.144,0.37
908,0.01,0.008,0.02,0.0,0.962
909,0.44,0.002,0.026,0.342,0.19
910,0.304,0.0,0.026,0.516,0.154
911,0.222,0.0,0.036,0.05,0.692
912,0.06866666666666665,0.015,0.076,0.014,0.8263333333333333
913,0.372,0.002,0.072,0.322,0.232
914,0.02,0.056,0.05,0.002,0.872
915,0.16,0.006,0.04,0.086,0.708
916,0.243,0.0,0.21987619047619034,0.3681238095238094,0.169
917,0.328,0.0,0.004,0.298,0.37
918,0.03,0.004,0.05,0.07,0.846
919,0.051,0.006,0.288,0.027,0.628
920,0.354,0.0,0.022,0.432,0.192
921,0.878,0.0,0.004,0.054,0.064
922,0.416,0.0,0.034,0.302,0.248
923,0.563,0.0,0.0185,0.0985,0.32
924,0.4046,0.015,0.09490000000000001,0.022,0.4635
925,0.9396095238095238,0.0,0.0,0.0,0.06039047619047619
926,0.736,0.0,0.018,0.164,0.082
927,0.544,0.0,0.006,0.162,0.288
928,0.292,0.0,0.186,0.4235,0.0985
929,0.494,0.0,0.022,0.266,0.218
930,0.9273333333333333,0.0,0.0,0.042,0.03066666666666667
931,0.018,0.008,0.036,0.002,0.936
932,0.258,0.0,0.048,0.134,0.56
933,0.764,0.004,0.022,0.064,0.146
934,0.658,0.0,0.024,0.116,0.202
935,0.034,0.002,0.056,0.1548857142857143,0.7531142857142856
936,0.624,0.0,0.024,0.104,0.248
937,0.378,0.002,0.066,0.382,0.172
938,0.008,0.034,0.028,0.002,0.928
939,0.29003968253968254,0.1185,0.032,0.002,0.5574603174603174
940,0.24033333333333332,0.0,0.046,0.25,0.4636666666666666
941,0.2594166666666667,0.0,0.052,0.5740833333333334,0.1145
942,0.6046666666666666,0.0013333333333333333,0.019,0.155,0.22
943,0.45,0.0,0.036,0.258,0.256
944,0.0355,0.016,0.032,0.008,0.9085000000000001
945,0.252,0.002,0.096,0.386,0.264
946,0.46,0.0,0.022,0.291,0.227
947,0.312,0.0,0.044,0.332,0.312
